"y"	"x1"	"x2"
1.72906847654851	-0.212422479875386	-0.262770302593708
1.40242289502217	0.288305135443807	0.186490351101384
2.54286427146599	-0.0910230781883001	-0.274181576678529
1.21594810553706	0.383017404004931	-0.181505411863327
1.77504604173065	0.440467284293845	-0.326016183244064
0.870980141778936	-0.454443500610068	0.301429583691061
1.96836268641549	0.0281054880470037	-0.35371794202365
1.84644223311154	0.392419044394046	0.322717391652986
2.2512629074936	0.0514350144658238	-0.169002171372995
1.33758997092644	-0.0433852646965533	-0.125830612145364
2.28898012296429	0.456833345349878	0.129745423793793
0.752691658352621	-0.0466658438090235	-0.403366256970912
2.38197695521264	0.177570635452867	-0.478006284683943
1.7360453442584	0.0726334019564092	0.493044780334458
0.508939125135587	-0.397075317334384	0.0839388456661254
2.27866118296336	0.399824970401824	0.281823065131903
0.558745325831458	-0.25391226564534	0.391896122600883
0.837452712054934	-0.457940466469154	0.254865453578532
1.01082857428177	-0.172079280717298	0.479203730123118
1.48807336081343	0.454503649147227	-0.455852932063863
1.3906496799209	0.389539316063747	0.40340088470839
0.318106622231319	0.1928034061566	0.365500814048573
0.750227468442801	0.140506813768297	0.275407591369003
1.92909596454758	0.494269776623696	-0.123183583142236
1.85507982960831	0.155705799115822	-0.457891951315105
1.05533508279769	0.208530468167737	-0.135588918346912
1.59017962820909	0.0440660247113556	-0.226248730206862
1.7557097335361	0.0941420204471797	0.35046748071909
1.25935092458773	-0.21084026270546	-0.137598287547007
1.17258279408513	-0.352886352688074	-0.195522209396586
1.68563563470107	0.463024232536554	0.259135339409113
1.29868850766114	0.402299045119435	0.344834624323994
1.59365191625715	0.190705278422683	-0.0420784389134496
1.46894720462679	0.295467417687178	0.22963166446425
1.37214342246892	-0.47538631549105	-0.395921363960952
1.23945188852164	-0.0222040289081633	-0.280016822274774
1.27566839634117	0.258459537522867	0.453951247734949
1.33149406756235	-0.283592064166442	0.252037541242316
0.850101053818842	-0.181818992365152	0.318955383263528
1.51958346062985	-0.268374214647338	-0.0822228982578963
0.4684780996685	-0.357199977617711	0.0938384931068867
1.45239082736862	-0.0854536641854793	0.298823557794094
1.08985545144555	-0.0862756737042218	0.388408650411293
0.8389033197867	-0.131154549075291	-0.114808406680822
0.918972602674562	-0.347555252257735	-0.409677915740758
0.766906400581926	-0.36119393655099	0.125743637094274
1.25283160012017	-0.266965900547802	0.245636217296124
1.54175402485647	-0.0340375497471541	-0.414621542673558
1.56881286170337	-0.234027359634638	-0.199482388794422
2.27446202488706	0.357827715342864	0.114562157308683
1.53530816732343	-0.454168833326548	0.252932057948783
1.03870011440373	-0.057799925794825	0.41705713304691
1.73674541002271	0.298924845643342	-0.0242494943086058
0.850047840092444	-0.37810074002482	0.0671194661408663
1.14979163531802	0.0609479837585241	0.236620346084237
1.14485962018436	-0.29346861038357	0.357447424437851
0.895540892006439	-0.372468349756673	0.409146504476666
1.72011077526641	0.253307864302769	-0.443617774639279
1.83979360995641	0.395045359153301	0.00290830410085618
1.04725770481674	-0.125537224113941	-0.149455226957798
1.3338254588653	0.165115194628015	0.345556122949347
0.786615009009124	-0.405159339075908	0.306435163831338
1.03463753033575	-0.116030362201855	-0.38266877271235
1.0193223272277	-0.22561635542661	0.212686554994434
2.31416755733104	0.314640038879588	-0.264731141971424
1.14649990029812	-0.0514836586080492	-0.425043248804286
1.39015564104216	0.310064353048801	0.435646147234365
1.28455535339139	0.312389509519562	-0.342832174850628
1.33294969748842	0.294342321110889	0.147057350026444
1.86621716178925	-0.0601683123968542	-0.326482253847644
2.92591119549253	0.254475158639252	-0.479925990803167
1.50420685787558	0.129221131559461	0.0213138463441283
1.51530384472025	0.210182401351631	-0.413722106721252
1.47599337406743	-0.499375226674601	-0.216997653944418
0.991854758548554	-0.0246834259014577	-0.0795650989748538
0.815813025250708	-0.279881114838645	0.0872781241778284
1.00051567800879	-0.120183462277055	0.306694429600611
2.00054903921411	0.112771003274247	-0.298004791140556
1.15967629075473	-0.148202090756968	-0.0405753282830119
0.806302134797083	-0.388864575652406	-0.0518568861298263
0.999035044432734	-0.256380527280271	0.233747758204117
1.35233263067146	0.16805558744818	0.214754810556769
0.648125160684142	-0.082353220321238	0.331221978878602
1.97635766558662	0.288195834029466	0.386566120898351
0.593951847234067	-0.397135355742648	0.452644573990256
1.2988890305996	-0.065107258502394	0.0506167218554765
2.13789513312182	0.484956979984418	0.0223357661161572
2.5444317548055	0.393051114398986	-0.329301744699478
1.51983537358289	0.386469060787931	-0.0207284400239587
0.72946579287292	-0.324947349727154	-0.246179203502834
1.88036866413552	-0.369304308434948	-0.46021936298348
1.86251465600469	0.153101925039664	0.134800509782508
1.48125236828231	-0.156483527738601	0.0395609140396118
1.4788307910857	0.156758127966896	-0.359896450070664
1.73756521497877	-0.179626757511869	-0.216288223164156
1.0422129056257	-0.312308880733326	0.0830305952113122
1.90206730948651	0.282294301316142	-0.334974107798189
1.17940283994555	-0.40640501328744	-0.403698889305815
0.731293627881781	-0.03322095843032	-0.071386908646673
1.10977434333712	0.0115054599009454	-0.144238434266299
1.4130916979238	0.0999889592640102	0.344933539861813
1.35646284906126	-0.167176459683105	-0.239867526339367
1.19659905548098	-0.0113869663327932	-0.476855507818982
0.952324535148518	0.454473827499896	0.362399539677426
1.77150838089382	-0.0170976028311998	-0.165412038797513
0.720829255060543	0.390350222121924	0.131788871716708
1.09332742669322	0.414438186911866	0.0464262587483972
1.69352247366682	0.108734982321039	-0.123555506812409
1.67036196151325	-0.0893102234695107	-0.314126984914765
1.03434623606999	-0.352905309060588	-0.0710594088304788
3.72841605847423	0.435299803270027	0.130773598561063
1.50223291495289	-0.198771100025624	0.0208423512522131
0.595758716859708	-0.439279428450391	0.159621337195858
2.94247995418563	0.447726940037683	0.229360931320116
1.80589413217616	0.220596273429692	-0.0131771266460419
1.1577482633638	-0.357705704402179	-0.115543384337798
0.661862501741677	0.0492846560664475	-0.493166491156444
2.56509077251284	0.45409123855643	-0.496315772412345
1.44834240443009	0.0854833531193435	0.494936440140009
1.05726591930708	-0.095489718252793	-0.392113119829446
2.26045980285917	0.14789347932674	-0.0813308416400105
1.01768452533095	-0.180179382907227	0.217884546611458
1.08546635651914	-0.192279989132658	0.242539132246748
0.884080428206541	-0.280232368735597	0.371998823713511
1.09177569304798	-0.130511134164408	0.107867961050943
1.18831708426065	0.484219203470275	0.256203351309523
0.406454531395985	-0.345797699177638	0.347241298062727
1.42401711975404	-0.408956000115722	0.112779648974538
1.11317782334176	-0.358093092218041	0.293224167777225
0.915572387412698	0.190007101511583	-0.47714531654492
1.08933220939844	0.119256483390927	-0.0830854503437877
2.03401687028548	0.391394117148593	0.374882387463003
1.24509917844163	0.172999092610553	0.147347015561536
0.968614725729571	0.237077737925574	0.424478986766189
0.787812099137121	0.0211357257794589	-0.327774903969839
1.58558764163208	0.15983844967559	-0.184187210863456
1.12591532227606	0.321805460145697	0.304256279254332
1.36836423391637	0.286281551700085	0.488963411189616
3.12515610117569	0.479821917368099	-0.177614448126405
1.50767856238524	-0.0605684637557715	-0.498808371601626
0.802180192323031	-0.18829779792577	0.492170619312674
1.27429643351821	-0.0905250473879278	-0.351647608214989
0.970374202768399	-0.489532888168469	-0.450635702814907
1.0211690787374	-0.31615047599189	0.097353482618928
1.10758866981504	0.342729318886995	-0.178671556524932
1.50011009719442	-0.268838217947632	0.0279290003236383
0.461410500045447	-0.260900044348091	0.295422020368278
2.30303690953501	-0.423308834666386	-0.431067403173074
0.61317974983145	-0.254276321968064	0.19502069731243
1.61177202944895	0.23213520552963	0.448631507344544
1.91823808586124	0.347453165100887	-0.222230682615191
1.33818862625535	-0.0024727329146117	-0.250593414762989
1.96645313976619	-0.112090970156714	-0.340564519865438
1.40878087191576	-0.253551005851477	-0.428369943983853
0.584231465118422	-0.388903538696468	0.0574375831056386
1.47186835724426	-0.110005564754829	-0.0101629483979195
1.50159434505437	0.0719353139866143	-0.00570763810537755
0.739139248213628	-0.283107237191871	0.388371585169807
2.33703948259206	-0.0552319979760796	-0.463295640191063
1.2766241358432	-0.28200933127664	-0.296256186440587
1.24593496672889	0.00229956326074898	0.0137811391614377
1.19324552904735	-0.146095428150147	-0.263660110998899
1.29239264427242	0.14998515881598	0.0754356698598713
0.552110366431559	-0.125286043388769	-0.0177420885302126
1.11501987709573	-0.144554619211704	0.0693526887334883
1.10475860099386	0.0336879454553127	-0.355847684899345
2.1920370494559	0.240334360394627	-0.354291237425059
1.05385045034589	-0.278897062176839	-0.0877168870065361
1.63067429732828	-0.0872538813855499	0.1830102824606
0.838203886991542	-0.234313313150778	0.153427820419893
0.752456995495752	0.129973053466529	0.415986333042383
1.47964075244326	-0.316171509213746	0.313113132491708
2.33043644572758	0.36364411143586	0.17589000123553
1.85026846755274	0.246568004135042	0.307499109301716
1.03213116676048	0.168284649727866	-0.371935580391437
1.34443937108566	0.118017873261124	-0.249221466016024
1.2927917350148	-0.127761939773336	-0.168453008402139
1.93438310392483	0.0298356858547777	-0.0927307100500911
1.93391073725162	0.374682342866436	0.1353675769642
0.600989995670815	0.081750099780038	0.308612044900656
2.20352535391948	0.339767764788121	-0.241198798641562
1.56561269135789	-0.187551835086197	0.319467139896005
1.65579537600689	0.20829032221809	-0.484522331040353
1.0978947871433	-0.234982193913311	0.154400766594335
1.46809896568241	0.0943431940395385	0.311719584278762
1.46164479869641	-0.0187101995106786	-0.0386310731992126
1.39658973247121	-0.23496726853773	-0.296582898357883
1.33174648074864	0.0645904347766191	-0.481231782818213
3.69304388397963	0.413188223028556	-0.216867302777246
1.18433448333794	0.401874389499426	0.415272625628859
1.01786360366119	-0.225833378499374	0.433696520514786
1.83091791354538	-0.178517243592069	0.0425316137261689
1.15498303254237	0.485640884377062	-0.280577454017475
1.89308078919878	0.119993310188875	-0.0105721959844232
2.35408407799635	0.437314089154825	0.301148736150935
1.29164524473101	-0.033467297675088	-0.0923693422228098
0.858907988467267	-0.0931674067396671	-0.396288433112204
2.09022882309998	0.159230324206874	-0.21943482523784
0.726231662167227	-0.347653383156285	-0.138533779419959
1.61888578034189	0.0728670582175255	-0.240755158942193
0.628465956298584	-0.261273973155767	-0.0293181664310396
1.58813758748306	0.462358936434612	-0.134154526749626
1.60205855946398	0.101365725975484	-0.378727945731953
0.994801344587188	0.015029727248475	-0.453006319468841
1.39211730975646	-0.0974266577977687	-0.237203695811331
0.801372683237687	0.380246541230008	0.468641167972237
1.34667610758639	-0.135908135212958	-0.0115045176353306
0.84627069338622	-0.211760719306767	-0.0221779702696949
0.464481666325161	-0.329354764893651	0.248792881146073
1.0687733508574	-0.327828253619373	0.167640231316909
1.98133110062886	-0.01795739447698	-0.450584403239191
1.39893514661483	-0.247035071486607	0.195105244405568
1.93807680815357	-0.28374521038495	-0.136738433269784
2.27280303460981	0.174376388080418	0.384133607381955
1.34788780813177	-0.452336372574791	0.275297229643911
2.89623789589617	0.200853087473661	-0.360796358669177
1.6244800751482	-0.148111361544579	-0.204990728758276
2.37941832641421	-0.0910560020711273	-0.37391721457243
2.16759381986218	0.320951323956251	0.0899016237817705
1.54049024766843	0.418857348151505	0.0616756088566035
0.455210104765031	-0.217471669893712	0.188721120124683
1.71575396927018	0.461104793706909	-0.188729190966114
1.23421784369801	0.228394428268075	0.105586841469631
1.35969129122747	0.186375082004815	0.491034318925813
0.615270421207147	-0.447156057227403	0.243204915197566
1.37830933589847	-0.104779865359887	-0.424142869655043
1.46119261495347	-0.0221546201501042	-0.0488310935907066
1.11975924899363	0.0602532636839896	-0.446463065454736
1.68739484431157	0.198261594865471	-0.16044448595494
0.866971412565378	0.415683538420126	0.23395214881748
1.93903585135104	0.118351227371022	-0.495893059531227
0.865503444248267	-0.0715784912463278	0.271909482311457
1.7923702590107	0.0420803672168404	-0.0370247887913138
0.778403428151281	-0.441521511413157	0.220840350026265
1.1231195926957	-0.239143142942339	0.166505717206746
0.817660630614326	-0.102848046692088	0.0720737206283957
1.13154770826124	-0.302255263319239	0.203812950057909
0.789952211009961	0.33192756283097	0.15722106047906
1.56650595723176	-0.347112777177244	-0.210647854954004
1.45966868956934	0.303418542025611	-0.402760544326156
1.2788465860953	0.0468261565547436	0.462421321077272
1.25060511148059	0.162317642010748	0.236334029119462
1.0934891402505	-0.328301506116986	0.112723468570039
3.25037837899567	0.133055359823629	-0.380071119172499
0.732455418693258	-0.188130253227428	0.0502590464893728
2.29205902752917	0.224554346408695	-0.237243722192943
1.46172206109795	-0.101060175336897	0.398360831197351
2.59313930268337	0.469356411136687	-0.490820054197684
1.88750374668441	0.467398370616138	-0.263765064068139
1.28377002554803	0.226702539017424	-0.369955404661596
1.35279194396121	-0.242783253546804	-0.173766853287816
1.56992397152448	-0.278212065342814	0.22639888827689
0.969270096097755	0.0930456516798586	0.491745235398412
1.29129985346586	-0.232478567864746	0.215133527759463
1.92304870003751	0.0310703988652676	0.00443981098942459
2.30006995555367	0.285291671287268	-0.063952328171581
0.851113637916958	-0.331939189461991	0.448825250612572
1.50288808468558	-0.0956008189823478	-0.379818512359634
1.29509605170813	-0.0284237223677337	-0.424854823388159
1.45394845167549	0.368106806883588	0.389021492796019
1.04416018732646	0.4257079558447	-0.075547904940322
1.48785458978243	0.38197755930014	-0.457639321219176
1.3373031329099	0.174186842516065	0.147442143643275
2.2369315813302	0.450166979338974	-0.0313808375503868
1.10562179218159	0.016444894252345	0.117926123319194
1.37088675953862	0.0765190212987363	-0.229184567462653
1.16916189939715	-0.163668794091791	-0.342704713344574
1.21053149633672	-0.15267536859028	-0.385745729785413
1.21913040145776	-0.479975699447095	0.00768286315724254
1.15036385582348	0.00281304563395679	0.0480322875082493
1.91251544350647	0.371043413644657	-0.359353810548782
0.866881026933149	-0.493699216051027	-0.33023094991222
0.936101684189463	-0.427942876005545	0.261985323159024
1.37473176392765	-0.335788775002584	0.027394940610975
1.34371342161083	0.270334074273705	0.360989357577637
1.12217998005308	0.235184305813164	0.17355498787947
2.17417267237627	0.471875635674223	-0.486958970315754
1.25321240589729	-0.0335276231635362	0.193198901368305
0.950102892994734	-0.425615486688912	0.39171373215504
0.72227518937953	0.148818124318495	0.13185017532669
1.94380246471437	0.258593169506639	-0.392705345060676
0.522837829812237	-0.362893918994814	0.421065203845501
1.49882265308333	-0.103415405377746	0.175362381152809
1.59002590392085	-0.275014670798555	-0.351406287401915
1.68103651986589	-0.442041439469904	0.245341842295602
1.06120863170853	-0.104107311693951	0.442598861875013
1.03505597606527	-0.435071700019762	-0.0792166243772954
1.2168225035634	-0.274113567080349	-0.202276921831071
1.10541577150585	-0.44537089089863	-0.240573329851031
1.77398368000954	0.170282039558515	-0.277118683094159
1.43782836874812	-0.202258217381313	0.0656543434597552
1.12588427280107	-0.399278417695314	0.256650132825598
0.767046700603855	-0.428095902781934	0.169603545917198
0.905976667506683	0.380440568784252	0.0465227942913771
1.49598914866612	0.254247402073815	0.311463657766581
1.11842965192632	0.316605887608603	0.259166802046821
1.57166076941606	0.482140373671427	-0.479931533802301
1.03803432624951	-0.396400355035439	-0.119096299866214
1.26456524443576	-0.400958170648664	-0.449119886383414
2.57074468291804	0.298831611173227	0.297902937280014
0.858235207955494	0.284575266530737	0.423699213191867
0.832900189753952	-0.490570094902068	0.042598370462656
2.04218901580548	0.279065882787108	0.352364600170404
1.09007739465056	0.229390651918948	0.0835628632921726
1.34133893484798	0.130131852813065	0.168323643505573
1.42224363220442	-0.0190891700331122	0.0113145965151489
0.803632663755565	-0.34336314862594	0.262750589288771
1.00033204468121	-0.491784480167553	0.40336228790693
0.747547767731867	-0.0475416057743132	0.320474512176588
1.02701493394266	-0.00770667125470936	-0.428568150382489
1.61611904745185	-0.110412888461724	-0.496103656943887
1.45822490767892	-0.0353340581059456	-0.447801384143531
0.880437070617227	0.213279000716284	0.366560179740191
0.797884847022958	-0.444698073668405	0.076245168922469
1.21366069520491	-0.145216902485117	-0.186157427961007
0.884326887154076	0.302812272915617	0.459465783787891
1.66100185535544	0.335708837024868	0.091193757019937
0.595251155197455	-0.262250595027581	0.0314093357883394
1.68116081557529	-0.146013897377998	-0.116063328459859
1.84862160196009	0.356885420158505	-0.180446770507842
2.71566465724808	0.353763373801485	0.308386255288497
1.6824887680828	-0.204104544594884	-0.458080501528457
0.942612416782204	-0.352951675420627	-0.136257305275649
1.19391157253013	0.203992061316967	0.356596966972575
0.601254986562147	-0.396193311782554	0.197946578497067
0.958290356216843	-0.466272227000445	0.184486472979188
2.22101200127393	0.499404527945444	-0.15198494726792
1.01036496383337	-0.465125195914879	0.0546818294096738
1.03336814574896	-0.161608716240153	-0.362756382441148
1.60696539567589	0.41506376164034	0.284931556321681
1.9423484548316	0.117235269630328	0.386862571584061
1.20307446794281	-0.213714651297778	-0.29590411670506
1.65267223976823	0.237797403009608	0.270622961455956
2.22295570223071	0.334054309176281	0.0963629607576877
0.71196938258087	-0.185729219578207	0.457669742405415
1.57394202943387	-0.00743345217779279	-0.341311602387577
2.29791620511318	0.197373766219243	0.0259742741473019
1.81790021647664	0.141462353989482	0.373151367530227
1.37573460907551	0.143922914983705	0.369706070283428
2.57856177292664	0.477853404823691	-0.476311356760561
0.654051438057778	-0.0852646655403078	0.475889693479985
1.37614187812547	-0.380595220020041	-0.00977580179460347
2.54278455817032	0.0260296601336449	-0.110829676967114
0.747513112952771	-0.274926649173722	-0.0824450401123613
1.37671421719949	-0.0135882359463722	-0.407074179500341
1.38243828553014	-0.129785201512277	-0.338190789800137
2.9876736415878	0.483350180787966	-0.094583504833281
0.88895949057299	-0.111680884845555	-0.158185555832461
0.72103078139124	-0.270755159668624	-0.0847425467800349
1.3697066257142	0.123297546291724	-0.195947530912235
0.855641567357225	-0.363459802931175	0.0602805374655873
1.2063594457409	0.467469494324178	-0.344125849427655
1.31767775200427	0.0150718078948557	0.45657976414077
1.17204922739929	-0.336929670767859	-0.456033374648541
1.61240258675963	0.121902295155451	-0.127842257265002
1.34000089769322	0.485954165225849	0.462615341413766
1.60180770275119	0.168771517463028	0.145427515730262
1.0906494775888	-0.0810841030906886	-0.438737385673448
1.4332910077038	-0.176655006827787	-0.090054071508348
1.22027804198525	0.335255319951102	-0.0740948659367859
0.789663355019207	-0.356182956369594	0.00815808470360935
1.29406023611645	-0.307184053119272	-0.0504000892397016
2.38289349502443	0.396738682640716	0.123261383501813
1.07048397448031	-0.191880445694551	-0.360022068955004
0.465191433613684	-0.136699456488714	0.407946400810033
1.40196325857511	0.283946478739381	0.0694432747550309
0.944295187419892	-0.306621320080012	0.0482805739156902
1.29162944411571	-0.482234188122675	-0.383172377478331
1.06678490974589	-0.0933921337127686	0.262028332334012
1.29661332702233	-0.0168323307298124	-0.0216305532958359
0.793587473021927	-0.0781550498213619	0.28196891467087
0.97244896030524	-0.157191198319197	-0.45397345139645
1.2784604245455	0.366483314661309	0.319844667799771
1.175952387994	-0.0448919490445405	-0.230591552564874
1.00569362491696	0.0337648736312985	-0.217149585485458
1.54524009396704	0.463843331905082	0.143221559468657
1.16452327530693	0.274591542081907	0.448118837783113
1.4569410073912	-0.291123651433736	-0.493001545546576
1.30577057697117	-0.191213167272508	-0.148382327985018
0.925173369774671	0.471342450240627	-0.0809542750939727
1.30233778514793	0.0849000934977084	-0.0421232029329985
1.00812866891087	0.260823625372723	0.211692579323426
0.540779674695077	-0.127290605567396	0.419848057674244
0.7351212161152	0.269193911226466	0.127110700588673
1.27218818927437	0.0376771830487996	0.402181778335944
1.44212848710964	0.413995449664071	0.257329159183428
1.66565273331959	-0.314703558105975	-0.362141634337604
1.04161378855731	-0.217781582614407	-0.346745121991262
0.815403466970586	-0.405037586810067	-0.308687813114375
1.5124025965935	-0.289512920891866	-0.0668148593977094
2.3426406635426	0.477098996285349	-0.412780698155984
1.16871404094403	-0.203697824617848	-0.276219998952001
1.70444711261311	0.225983026903123	0.0721486795227975
0.692115137236129	0.28568783425726	-0.0998308216221631
0.588724801880741	-0.394582253880799	0.0654653806705028
0.790530013238832	-0.2604053709656	0.329623878700659
0.745110761599277	-0.229455127613619	0.14211381948553
0.666301289436894	-0.39894150593318	-0.108501248294488
0.987340268510325	-0.38208615873009	0.209579854737967
1.62602135525562	0.491236555855721	-0.391175926895812
2.02186806197296	0.486054297303781	-0.226377265760675
1.36356112267425	-0.362932528601959	0.0938669326715171
2.40865536370166	0.40530958166346	-0.339815186569467
1.13906874961163	0.0763018375728279	0.353430238785222
1.01930030660811	-0.104551140917465	0.347739157732576
0.571423628936593	-0.0501975158695132	-0.0221131874714047
1.47371184271214	0.20650190114975	0.273692122427747
1.84022403652053	-0.417497254209593	-0.204599919496104
1.93343727921713	-0.160687419818714	-0.434371888171881
1.85523504049513	0.180787551216781	-0.0594668751582503
0.965942240858065	-0.183050751918927	-0.0379011421464384
1.64045499058894	0.331568598048761	-0.159065629821271
0.956873524100328	-0.284827917348593	-0.314859681297094
0.709963950894545	-0.00205106381326914	0.0069977268576622
1.88201445058727	-0.223950327374041	-0.480808969354257
2.16371591430822	-0.307976681273431	0.273686039494351
1.14143910257675	0.450621264055371	0.05966507922858
0.922474174856354	-0.178274462232366	0.14146263920702
1.87922755946668	-0.0215436161961406	-0.0315678813494742
1.6652071210725	-0.47200742806308	-0.220776189351454
1.27269196748673	0.0474594680126756	-0.0387834296561778
1.80549164236679	0.144240220542997	0.292738341726363
1.31641009715646	0.0962635446339846	0.0855655763298273
0.859026070182011	-0.178062624298036	-0.105241014156491
1.56961964496083	0.391114312456921	0.311237349640578
1.14890022933381	0.126256947405636	-0.181436906103045
1.03336950417181	-0.197095084702596	0.081447338219732
1.01309612353625	-0.111795336240903	-0.0445110420696437
1.57949047616767	-0.339524907525629	-0.231196550186723
2.25524047857099	0.362551897531375	0.0551772047765553
2.06613066259167	0.453101213788614	-0.268769115675241
0.963324395355555	0.0636446834541857	0.0432328979950398
1.7801069062247	-0.170452586608008	-0.0524298588279635
2.07988411511711	0.496617218712345	-0.369711863109842
0.932710586895606	-0.265180324204266	0.12172598275356
1.77212147419798	0.112671965267509	0.0479942832607776
1.33141202610255	-0.39182147057727	-0.350755786290392
1.33252593608535	-0.0129674300551414	0.0595458692405373
1.06238172898251	-0.400554176652804	-0.0731144235469401
1.25644796120575	-0.33883423730731	-0.0522699016146362
0.764007821882332	-0.217007129220292	0.333294771611691
0.988223778924091	0.0838723359629512	0.219587282743305
1.13427531308021	0.231707658851519	-0.0431132444646209
1.31325361211325	-0.334479088895023	0.0212642629630864
1.10798696611262	0.366467763204128	-0.25754292239435
2.60326622818856	0.208574137184769	-0.424139165319502
1.09495738366557	0.26039953622967	-0.108704908750951
0.899630649733536	-0.352915891446173	-0.48689178400673
0.90636010373575	-0.141943036578596	0.367499468615279
1.47792095632342	0.173332481412217	0.492615673691034
0.983451714710237	0.0238226016517729	0.2088553882204
0.587692961542105	-0.150198207236826	0.326715490315109
0.716469736868271	-0.259469298413023	0.391896269517019
1.15378796720751	-0.44180820370093	0.0394107326865196
1.5523869979122	-0.263380257878453	0.0553135918453336
1.42604131374612	0.390077913179994	-0.223560116253793
1.75056229284409	0.31182741606608	0.159197925822809
2.33263613579595	0.247516322182491	-0.256564757553861
0.852082950668185	-0.345088274218142	-0.211733795236796
0.742807422704754	-0.375257911393419	0.215780958533287
0.644166409091602	0.474725808482617	0.227533633122221
2.25852509158763	-0.0638700039125979	-0.326956961303949
1.61145073166068	-0.0359833731781691	-0.193688741186634
0.429352870839154	-0.33470191876404	-0.130092723295093
2.43956505952175	0.0849365573376417	-0.422278445679694
0.775291026436064	-0.22922198055312	0.213150188792497
1.56182696416577	-0.269903079606593	0.050922729074955
1.81753491631236	0.191207831492648	-0.364134603645653
1.3947566383335	-0.217147600371391	0.474163694074377
1.27742836452831	0.310398066183552	0.0619631588924676
1.08804114111328	-0.406083392910659	0.288409381639212
1.87728936463385	0.322030071169138	0.348914084257558
0.744095973635929	-0.0725717192981392	0.378041774732992
0.833254761355571	0.255887259729207	0.300476373871788
1.46721998239979	0.162385506555438	0.140148486476392
1.25644655419569	-0.0554726030677557	0.128927760757506
1.31362878000414	0.127146184444427	-0.228590995306149
1.14286594052135	-0.499534650938585	-0.470060174586251
1.06870055467888	-0.282756485976279	-0.0801357850432396
1.40120773173507	0.204872245667502	-0.14456532895565
0.649457850743263	-0.284833511803299	-0.107668746029958
2.03601086649039	0.313933721277863	-0.328063167631626
1.5831890096629	-0.192236125702038	-0.180357880657539
1.1706032278414	0.187742685666308	-0.0864449357613921
1.94693601443511	0.432681079022586	0.259335696697235
1.4039357563444	-0.384220335166901	-0.228109794901684
2.23190263830602	-0.372294312110171	-0.384417542954907
1.37264744419266	0.178223857423291	-0.47066338500008
0.807059700401505	-0.07105140411295	0.306855297880247
1.17656247596056	0.334400977939367	-0.019873563433066
0.746029634659062	0.471438066801056	0.306247940286994
0.623090045701511	-0.429511022288352	-0.42099431832321
1.31662841461314	-0.0402148067951202	-0.384662590455264
1.67105064218054	0.20158511842601	-0.37058371049352
1.23205924188666	-0.413059832062572	0.238748542033136
1.21043995185107	0.492944016121328	0.257098533445969
0.723947421564992	-0.246901005972177	0.492455308558419
0.70928314724274	-0.450461564352736	0.124552987283096
1.84874398786128	0.186324946815148	-0.211309891426936
1.38137431198282	0.286927352659404	-0.300088225631043
1.23499292196941	-0.146393924020231	0.300917848711833
1.6291008208204	-0.133558555040509	0.227762710303068
1.42753419701025	-0.212899869307876	-0.282952025299892
1.23867518058836	-0.420027087675408	0.244238505372778
1.23842919445076	-0.134545730426908	0.366653708275408
1.1968703435796	-0.321986185386777	0.0294057563878596
1.42244845204672	0.0360537206288427	0.0986385468859226
1.57838871956844	0.00394871202297509	0.437632332323119
0.980747627662288	0.445035103475675	0.450724098365754
0.854718613888472	-0.158678716048598	0.160532301291823
1.43247818523377	-0.0352862258441746	-0.427713419077918
0.755572124231808	-0.417468818370253	0.326331578660756
2.02088660387582	0.360106846084818	-0.0204559220001101
1.15317735259133	-0.104339360026643	-0.108771216589957
0.947645418097042	0.235899350373074	-0.200877224327996
1.60353538117747	-0.328256594017148	-0.255691750440747
1.47180866373484	-0.045238368678838	-0.0781898682471365
1.92274367085014	0.270204759435728	0.437770176911727
1.08114795073932	-0.437350001651794	-0.235514883417636
2.20444257848814	0.315081495093182	0.0685687540099025
0.892734921508408	-0.198857475537807	-0.297815432306379
1.52287698524442	-0.135328972013667	-0.307194373104721
0.95656916298134	-0.187887208070606	0.218611745163798
0.775203266084122	-0.462630035122856	-0.186482104472816
1.52262023864528	0.0188049233984202	-0.361609872663394
2.26518494669466	0.179013415705413	-0.441969302250072
1.32633775864875	0.403233560267836	0.431099641136825
0.729329290184944	-0.474473301554099	0.0683380120899528
1.91487438488596	0.489078270737082	-0.382229639450088
1.48609128033987	-0.197112375404686	0.0647944814991206
1.38749686958315	0.439138400601223	0.0402561828959733
1.23335860600951	0.187607581727207	0.319682518485934
1.10324161877306	-0.0529630051460117	0.20297950389795
0.69150767383331	0.316478138789535	0.0677483736071736
1.10755394899073	-0.460500802146271	0.221309266285971
0.834924049239788	0.239031685516238	0.252444213489071
1.21270481600872	-0.151280506281182	-0.118577403249219
2.24336956581686	0.329250823473558	-0.21198971872218
1.17316197695116	0.0355413916986436	0.031683327164501
1.36653722350495	-0.225454636383802	-0.240353928646073
0.99209132137734	0.300948211923242	0.33179031778127
1.31643524611678	-0.408355305204168	-0.0946361152455211
1.54955616854268	0.332107774214819	-0.427368074422702
0.840425576306288	-0.223144927527755	0.453758624615148
1.1719165572566	0.253110099583864	-0.282816217048094
2.01019162967197	0.464152570115402	-0.0943747332785279
1.15873419958186	-0.41853343998082	0.12566831544973
0.96944767455169	0.354364746483043	0.128404803806916
2.00878650774453	0.302238217089325	-0.171761335805058
1.48277386437182	-0.114826395409182	-0.361090508056805
1.52421648325025	-0.172402600990608	0.41465717041865
0.717980011128333	-0.295061297016218	0.099115967284888
1.50751646717061	0.0693826626520604	0.249607095960528
1.05614289426484	0.388055190443993	0.418954745167866
0.6780740077176	0.0297140914481133	0.028765395982191
1.12597400909801	0.0869586567860097	-0.128021253971383
1.05298000821675	0.165735142538324	-0.434191678883508
1.26936888878724	0.0298924585804343	0.354369923705235
1.05286700004057	0.00984289939515293	0.0104113013949245
0.778012263363964	-0.483839519089088	-0.29000194137916
2.4682102124642	-0.452290015062317	-0.124156563309953
1.99287515502503	0.429350682534277	-0.292634500190616
1.98352340711822	0.269285538699478	-0.0407591827679425
1.70769734109345	-0.298919383902103	-0.258497749920934
1.28358193256357	0.150261500384659	-0.381309677613899
1.98025575831925	0.153766682371497	-0.427530850283802
1.26699937212317	-0.104746238561347	0.190989849856123
1.37043146954297	0.312304828548804	-0.213042380753905
1.37786946444289	0.0470234176609665	-0.350587504450232
1.38385671344863	0.385132651543245	0.472432009177282
0.911531061184193	0.0533139875624329	-0.089485609671101
2.19554007937317	0.406048111617565	-0.0981861457694322
0.746904975814834	0.0874613670166582	0.148556348634884
1.42178061607131	-0.0765363490208983	0.416305739665404
1.79667336206176	0.449585322989151	-0.283337861066684
2.18157205031913	0.209037903463468	0.0479988718871027
0.91420973958757	-0.0866945919115096	0.220050457865
1.57019302740592	-0.481635916279629	-0.102753994753584
2.94572034847104	0.0667340827640146	-0.405998607398942
1.02997737788891	-0.00993654690682888	0.134896405041218
2.23240492969633	0.37867402122356	-0.497521189739928
1.28475548583163	0.312852687900886	-0.289476760197431
2.70930271093091	0.354099977528676	0.179022809490561
1.23041259717051	-0.132104052230716	0.366189130349085
1.5814571462059	0.373949912842363	0.29969711555168
1.81236077324941	-0.348661828553304	-0.365003601647913
1.61765773932858	-0.21818833029829	-0.112501742318273
1.17851005578704	0.166705157840624	0.288471929030493
1.57902795941492	0.477383576799184	0.192913666600361
1.91545901040196	0.0827397366520017	0.0942729713860899
1.26480280043119	0.0265900795347989	-0.376142348628491
1.64956983892019	-0.439217775128782	0.0550781027413905
1.79632409333855	0.469038863666356	-0.0505886122118682
1.28899103757152	-0.379762871423736	0.266166528686881
1.53133373994002	-0.41163669899106	-0.473902278346941
1.19591870167239	0.380764114903286	-0.304828568128869
1.39757301842521	0.00837062974460423	0.381234564818442
1.27917535019657	-0.162505002692342	-0.390198406530544
1.55732648481026	0.394334625452757	0.468550927937031
1.17692873136117	-0.468028371920809	-0.114801407093182
