0.367377339847081
0.159631524018762
-0.629825142235556
0.148869182566468
-0.165207072538722
0.0637401227623169
-0.064032393201046
-0.196750914619036
-0.186374996144554
0.60154459496416
-0.137576967377433
0.267063511068502
-0.542355150112646
0.228160094035593
-0.222030537810161
-0.00320153090938113
0.196531823058242
-0.118594468852356
0.36920897037063
-0.0981429464508174
0.0627158519871447
-0.322835807024164
-0.00763236176048565
0.0505585463480909
-0.207903913742275
0.201633560949347
-0.0381195840901167
-0.0242444162445317
-0.0729234742871512
0.0140446072300815
-0.124266218191579
-0.0331962146910438
-0.0761941461397182
0.301322196378445
-0.290646928950654
-0.0812221354243778
0.311214769237937
-0.360458308646924
0.579206360543173
-0.189047689984459
0.209260606979525
-0.0175591100645889
0.124808161251055
-0.0898368342259133
0.110038772924046
-0.275950755042597
0.20570214912733
0.0529668994550878
-0.0357450264796455
-0.00785368654075391
-0.139616893979149
-0.20513937457279
0.180309047830503
0.146716902751514
0.0656053421657692
0.26080128319291
-0.0972186641473183
-0.12254836857576
0.0817133981936973
-0.286503262475746
-0.162066583937866
0.270544792593823
-0.000869622781666024
0.134838591010773
-0.186941510564948
0.0946767258901868
-0.0838883701091362
-0.120158164296148
-0.0488314897737645
0.0643320292703304
0.00158539525853563
